50 nan
50.9132 0
51.843 0
52.7898 0
53.754 0
54.7357 0
55.7353 0
56.7533 0
57.7898 0
58.8452 0
59.9199 0
61.0142 0
62.1286 0
63.2632 0
64.4186 0
65.5951 0
66.7931 0
68.013 0
69.2551 0
70.52 0
71.8079 0
73.1194 0
74.4548 0
75.8146 0
77.1992 0
78.6091 0
80.0448 0
81.5067 0
82.9952 0
84.511 0
86.0545 0
87.6261 0
89.2265 0
90.856 0
92.5154 0
94.205 0
95.9255 0
97.6774 0
99.4613 0
101.278 0
103.128 0
105.011 0
106.929 0
108.882 0
110.87 0
112.895 0
114.957 0
117.056 0
119.194 0
121.371 0
123.588 0
125.845 0
128.143 0
130.484 0
132.867 0
135.293 0
137.764 0
140.28 0
142.842 0
145.451 0
148.107 0
150.812 0
153.567 0
156.371 0
159.227 0
162.135 0
165.096 0
168.112 0
171.182 0
174.308 0
177.492 0
180.733 0
184.034 0
187.395 0
190.818 0
194.303 0
197.851 0
201.465 0
205.144 0
208.891 0
212.706 0
216.59 0
220.546 0
224.574 0
228.675 0
232.852 0
237.104 0
241.435 0
245.844 0
250.334 0
254.906 0
259.562 0
264.302 0
269.129 0
274.044 0
279.049 0
284.146 0
289.335 0
294.619 0
300 0
