10 0.000564494
10.493 0.00105443
11.0103 0.00159387
11.5531 0.00218781
12.1226 0.00284174
12.7202 0.00356175
13.3473 0.00435449
14.0053 0.00522732
14.6957 0.00618833
15.4202 0.00724643
16.1804 0.00841142
16.9781 0.00969411
17.8151 0.0111064
18.6933 0.0126613
19.6149 0.0143734
20.5818 0.0162584
21.5965 0.0183338
22.6612 0.020619
23.7783 0.0231349
24.9505 0.0259051
26.1806 0.0289551
27.4712 0.0323133
28.8255 0.0360107
30.2465 0.0400817
31.7377 0.0445639
33.3023 0.0494989
34.944 0.0549326
36.6667 0.0609152
38.4743 0.0675021
40.371 0.0747546
42.3612 0.0827397
44.4496 0.0915315
46.6408 0.101212
48.9402 0.11187
51.3528 0.123604
53.8844 0.136525
56.5408 0.15075
59.3282 0.166413
62.253 0.183658
65.3219 0.202645
68.5422 0.223551
71.9212 0.246568
75.4668 0.271911
79.1872 0.299814
83.091 0.330537
87.1872 0.364363
91.4854 0.401606
95.9954 0.442612
100.728 0.48776
105.694 0.53747
110.904 0.592202
116.371 0.652463
122.108 0.718812
128.128 0.791864
134.445 0.872297
141.072 0.960855
148.027 1.05836
155.325 1.16572
162.982 1.28392
171.016 1.41406
179.447 1.55735
188.294 1.71512
197.576 1.88882
207.316 2.08008
217.537 2.29066
228.261 2.52251
239.514 2.77778
251.321 3.05884
263.711 3.3683
276.712 3.70902
290.353 4.08417
304.667 4.49721
319.687 4.95198
335.446 5.4527
351.983 6.004
369.336 6.611
387.543 7.27932
406.648 8.01516
426.695 8.82534
447.731 9.71737
469.803 10.6995
492.964 11.7809
517.266 12.9715
542.766 14.2824
569.524 15.7257
597.6 17.3149
627.061 19.0646
657.974 20.9911
690.411 23.1122
724.447 25.4475
760.161 28.0189
797.635 30.8499
836.957 33.9671
878.218 37.3991
921.512 41.1778
966.941 45.3383
1014.61 49.9191
1064.63 54.9627
1117.11 60.5159
1172.18 66.63
1229.97 73.3619
1290.61 80.7738
1354.23 88.9346
1420.99 97.9198
1491.04 107.813
1564.55 118.705
1641.68 130.698
1722.61 143.902
1807.53 158.441
1896.64 174.448
1990.14 192.072
2088.25 211.477
2191.2 232.843
2299.22 256.366
2412.57 282.267
2531.51 310.784
2656.31 342.182
2787.26 376.752
2924.66 414.814
3068.84 456.722
3220.13 502.863
3378.88 553.667
3545.45 609.602
3720.24 671.189
3903.64 738.997
4096.08 813.656
4298.01 895.858
4509.9 986.364
4732.23 1086.01
4965.52 1195.73
5210.31 1316.53
5467.17 1449.54
5736.69 1595.98
6019.5 1757.22
6316.25 1934.74
6627.63 2130.2
6954.36 2345.41
7297.2 2582.36
7656.93 2843.25
8034.41 3130.5
8430.49 3446.76
8846.1 3794.98
9282.2 4178.37
9739.79 4600.5
10219.9 5065.27
10723.8 5577
11252.4 6140.43
11807.2 6760.78
12389.2 7443.8
13000 8195.82
