350 309.778
363.016 1000.18
376.515 1742.89
390.517 2541.87
405.039 3401.38
420.102 4326
435.725 5320.67
451.928 6390.69
468.734 7541.77
486.165 8780.06
504.245 10112.2
522.996 11545.2
542.445 13086.8
562.618 14745.1
583.54 16529.1
605.24 18448.3
627.748 20512.8
651.092 22733.8
675.305 25123
700.418 27693.2
726.465 30458.1
753.48 33432.5
781.5 36632.2
810.563 40074.4
840.705 43777.3
871.969 47760.7
904.396 52045.9
938.028 56655.7
972.911 61614.8
1009.09 66949.6
1046.62 72688.5
1085.54 78862.2
1125.91 85503.6
1167.78 92648.1
1211.2 100334
1256.25 108602
1302.96 117496
1351.42 127065
1401.67 137358
1453.8 148431
1507.86 160342
1563.93 173157
1622.09 186942
1682.41 201771
1744.98 217724
1809.87 234885
1877.18 253346
1946.98 273206
2019.39 294571
2094.48 317554
2172.37 342278
2253.16 368875
2336.95 397488
2423.85 428268
2513.99 461379
2607.48 496999
2704.45 535318
2805.02 576540
2909.33 620884
3017.52 668588
3129.74 719906
3246.12 775112
3366.84 834500
3492.04 898387
3621.9 967114
3756.59 1.04105e+06
3896.29 1.12058e+06
4041.19 1.20614e+06
4191.47 1.29819e+06
4347.34 1.3972e+06
4509.01 1.50372e+06
4676.69 1.6183e+06
4850.6 1.74157e+06
5030.98 1.87417e+06
5218.07 2.01682e+06
5412.12 2.17028e+06
5613.39 2.33537e+06
5822.13 2.51296e+06
6038.65 2.704e+06
6263.21 2.90952e+06
6496.12 3.1306e+06
6737.7 3.36844e+06
6988.26 3.62429e+06
7248.13 3.89953e+06
7517.67 4.19562e+06
7797.24 4.51414e+06
8087.2 4.85679e+06
8387.94 5.2254e+06
8699.87 5.62193e+06
9023.4 6.0485e+06
9358.96 6.50739e+06
9706.99 7.00105e+06
10068 7.5321e+06
10442.4 8.10339e+06
10830.7 8.71795e+06
11233.5 9.37907e+06
11651.2 1.00903e+07
12084.5 1.08554e+07
12533.9 1.16784e+07
13000 1.25638e+07
