0.01 1.08234e+07
0.0115281 8.14425e+06
0.0132897 6.12826e+06
0.0153204 4.6113e+06
0.0176615 3.46984e+06
0.0203603 2.61093e+06
0.0234716 1.96463e+06
0.0270582 1.47832e+06
0.0311929 1.11238e+06
0.0359594 837027
0.0414543 629833
0.0477889 473927
0.0550914 356613
0.0635098 268339
0.0732147 201915
0.0844025 151934
0.0972998 114325
0.112168 86025.4
0.129308 64731.1
0.149068 48707.8
0.171846 36650.9
0.198106 27578.5
0.228378 20751.8
0.263276 15615
0.303507 11749.7
0.349885 8841.21
0.40335 6652.68
0.464985 5005.89
0.536039 3766.73
0.61795 2834.32
0.712377 2132.7
0.821234 1604.77
0.946726 1207.51
1.09139 908.593
1.25817 683.666
1.45042 514.417
1.67206 387.063
1.92757 291.234
2.22211 219.126
2.56167 164.867
2.95311 124.039
3.40437 93.3173
3.92459 70.2005
4.5243 52.8058
5.21565 39.717
6.01264 29.8681
6.93142 22.4572
7.9906 16.8808
9.21162 12.6847
10.6192 9.52726
12.2419 7.15143
14.1126 5.36369
16.2691 4.01849
18.7552 3.00627
21.6211 2.24461
24.925 1.67149
28.7337 1.24024
33.1245 0.915732
38.1862 0.671555
44.0213 0.487821
50.7481 0.349567
58.5029 0.245536
67.4426 0.167257
77.7484 0.108354
89.6289 0.0640321
103.325 0.0306813
119.114 0.00558597
137.315 0.0129097
158.298 0.0404143
182.488 0.076967
210.373 0.125544
242.52 0.190102
279.579 0.275897
322.301 0.389915
371.551 0.541442
428.327 0.742816
493.779 1.01043
569.232 1.36609
656.215 1.83875
756.49 2.46689
872.088 3.30167
1005.35 4.41107
1158.98 5.88542
1336.08 7.84479
1540.24 10.4487
1775.6 13.9092
2046.93 18.5082
2359.71 24.62
2720.3 32.7424
3135.98 43.5368
3615.18 57.8823
4167.61 76.9468
4804.46 102.283
5538.62 135.954
6384.96 180.702
7360.64 240.169
8485.4 319.2
9782.04 424.23
11276.8 563.811
13000 749.309
